8897
6147
643
6656
3470
4141
1077
8035
8123
2426
2601
5013
5562
6538
8462
1272
3624
7805
2275
5264
8839
2711
3626
2408
4969
7734
8061
2612
1185
7027
4958
742
6404
3047
8451
3508
1270
4737
3361
4666
9618
8261
1144
8972
7721
7862
3520
9391
383
583
8162
7976
4306
7951
730
5557
1213
251
1004
1723
2828
6761
1428
5776
8961
6658
7794
9690
8198
1670
9910
3575
8436
9647
7705
398
3988
6255
2588
2598
9891
8299
6916
4582
1227
6653
2902
5437
3600
5956
6768
9683
456
3103
2697
3791
8303
2730
7913
8442
6569
1735
1932
1028
1209
9344
3890
1589
5666
4300
3339
6695
4636
8913
9010
162
8090
9850
2471
1112
3129
4504
7345
7011
9627
3725
7780
2539
4901
2503
4975
3916
8278
7434
3945
6119
8841
3905
3774
6824
3644
9222
5060
8616
5842
2480
1843
3476
2966
3213
8916
7246
7841
3808
3352
6210
6558
940
7933
7068
732
8242
2077
7784
340
375
6551
3546
5436
906
5586
1295
9466
5653
4815
9827
6237
9009
1439
8036
4584
7055
8421
5799
3440
1108
3405
3466
5353
6164
3260
3562
6508
1539
2010
9862
4892
6807
8126
835
9369
8946
7256
7714
1492
96
2981
2927
4516
7835
1822
1034
8488
9095
4322
9867
2670
3595
4742
9714
9700
6524
7178
5501
8909
3937
1726
4718
1958
5922
3124
5580
7753
9346
871
2473
1506
1999
7709
7811
880
6551
1177
1647
878
8926
9428
4307
2547
7789
1533
9570
8407
8253
8110
1966
1655
6308
7873
3369
3914
6015
3779
3740
3668
8289
984
5644
5339
9915
5999
9977
4265
8237
9079
5497
5842
1851
8162
645
4982
5699
3177
4098
8169
2222
3328
7635
4433
2246
8492
1581
5487
5559
8402
4107
4466
9144
8002
4819
7785
9804
2627
520
5111
8068
7568
4657
1515
6743
2724
7706
1
5893
467
1882
2499
5016
649
4485
5668
7437
9622
499
9295
4897
5850
5537
6235
7375
3101
4038
2146
7801
2914
600
2594
1173
8381
5952
9459
5418
8627
4379
9754
2426
8353
2418
1101
9555
8432
5629
5288
7521
391
1556
304
4550
8290
9718
6566
3933
8849
8253
687
9147
3796
9745
7393
9239
1877
9884
3584
9867
9158
7918
1738
379
7021
1651
495
6166
8349
1474
1957
4699
3464
9862
1371
2446
5666
9474
6253
794
1975
2704
2487
2025
4447
2011
6157
2210
3649
3407
155
5651
9221
8413
8344
4160
8047
275
5089
2586
2617
795
307
2194
1824
6979
7704
2848
6770
9389
358
960
8902
8008
4516
9260
7357
5358
9806
9360
679
8223
6091
6809
5961
8783
4542
5359
9934
5435
1642
6726
9531
2434
4777
1487
1991
9217
6863
5732
8171
719
5450
8452
5750
5067
3324
12
3861
5043
2460
7143
5185
6950
5130
3718
8137
2011
8498
435
882
3492
9267
5602
5163
830
7473
7850
806
3802
9831
2947
9748
3712
6832
1089
2800
5698
6120
4688
303
9152
2511
1343
8006
6955
1662
9697
6749
2219
9885
5794
8787
4484
500
6408
1666
486
305
4810
8644
2709
8873
6517
4693
8057
3010
4940
27
934
2464
32
9108
1374
9855
1537
9679
2053
9665
2707
1646
822
1575
4405
2938
437
4693
8206
8967
1508
8386
9688
8969
1594
5213
4801
3975
2432
2294
4336
8799
6558
4268
7429
3243
998
7587
7252
7667
5278
6537
9812
3219
2068
9016
259
2317
5357
1854
236
3074
6831
1099
8059
3246
5328
1355
1872
7409
3887
3430
163
5717
9265
4100
1207
1756
7374
8612
2882
1898
3341
3726
3787
5172
5805
8088
8373
2839
4166
6038
9147
3307
4991
1030
6524
7097
3537
8763
3674
2587
604
4968
1565
8772
7737
4111
7565
5936
2687
3498
0
3693
474
3338
6513
1753
7481
3406
9250
109
3767
263
7923
6763
7356
5033
8243
7541
6756
7412
790
414
2529
3124
8711
5652
7101
1574
4576
1454
7490
9853
5048
1298
6285
2595
45
7755
5376
3859
2723
3897
3048
1591
5259
1081
8126
1469
9095
4055
4737
6240
3980
2337
7972
3924
25
8206
1700
1649
6024
8990
6862
6788
1650
2659
3438
1075
8312
6817
5066
7071
1343
898
4576
7743
4491
5518
1565
4666
1520
5817
9217
997
5877
5884
847
9358
3258
745
7864
1848
4795
2537
9786
3849
2758
2648
2741
3472
5417
4820
3263
2170
6991
4737
137
8791
829
4337
7538
456
3447
626
5610
5324
6521
6360
7897
7388
6115
1741
5600
2035
1188
6630
9776
3154
2346
5832
6987
2371
105
9258
6744
8716
4267
1501
3498
4390
6887
2346
4275
6175
2132
4282
6853
5213
3359
5148
3162
3012
2859
6594
4132
2729
7369
4653
1479
4488
9881
5403
8182
7171
2992
2637
5115
8844
4330
8670
9339
389
2689
433
73
2358
7550
1210
1258
4543
5712
4176
4585
4431
1547
7633
1900
4036
1219
7767
4071
1907
1385
2553
4783
698
7637
6309
3585
7892
6596
652
7092
9453
2900
2799
525
3814
6238
8297
7426
6780
307
5917
1872
4116
5723
6881
9328
1178
9721
4906
632
3738
3907
4331
7231
8126
6704
9400
7427
7162
4275
4320
5406
6596
2359
1419
2357
6855
219
3823
4867
3274
6817
6153
8630
509
2722
7755
7753
7268
1732
3857
1538
1511
7214
8552
6876
4216
3034
1584
279
4999
6060
705
6607
258
2243
7117
7899
3761
846
8533
5079
3266
1249
3983
5763
6320
8136
8901
3261
5001
4587
177
9997
1024
3170
8888
2592
4384
4107
1381
3079
5714
9978
7768
5008
2929
6672
2958
1237
8316
9423
98
6004
2812
7020
1812
7008
230
4118
7593
5621
499
9191
8276
2049
1278
6361
8708
4161
6398
4810
9549
5130
2357
6771
7627
1369
3288
7173
853
3133
3039
6581
350
7572
1391
490
9826
7235
9655
8308
9103
9354
3928
9391
7569
4870
8313
7929
1075
8889
3145
4672
1234
8567
2246
975
4868
2899
6830
7147
8794
8874
4724
3977
8050
3389
8069
4354
4288
3077
3515
9369
1789
2658
8881
3677
784
7397
4137
4506
8749
9455
9867
7861
3819
5592
5902
919
1003
4324
6940
7401
7013
9348
593
5986
4421
6281
7028
7021
2006
5070
5001
2526
7549
183
5766
2406
6730
2468
2261
9285
3115
1594
2458
5952
769
6772
885
419
1702
8518
6586
3384
4591
1042
4911
9081
2079
3823
7573
3234
333
1047
7739
8491
8599
1327
8415
8884
1990
7452
2166
946
788
6420
3631
5161
8859
2739
5187
9850
9567
335
2159
720
1151
3278
677
2453
3337
1735
1360
682
2700
4438
9623
8999
7921
9172
7476
5519
9228
854
373
1960
9776
2564
6754
1881
2641
6957
3840
7845
6894
6617
4101
6904
9630
8207
6861
6319
202
3257
701
1692
3083
4277
2822
2346
9893
8781
1484
7662
8885
1240
1064
5823
551
2338
314
4376
5516
1258
611
1291
2905
5115
1810
4072
739
8045
9469
7454
3306
5309
7491
3233
8771
6890
9936
6781
3051
6129
6864
9770
248
12
999
9825
7746
7270
9617
8317
8658
2002
8005
3637
986
1101
3199
4537
6806
3377
2175
891
4049
4027
1516
6913
2059
6975
604
5416
1161
7482
9624
6475
4845
4169
140
3971
2920
872
3389
1249
3789
6685
7262
6586
6984
7991
2372
2483
9631
385
3992
2686
6920
4763
2142
1747
9627
2058
3204
1314
9385
7247
892
4279
5821
774
7181
368
4562
336
2711
6427
8709
5635
8358
2867
8140
9488
3017
5037
2631
7014
8835
4382
1638
2085
9394
4160
7628
9733
2078
4100
7042
1816
2452
2633
6863
2493
2323
8302
854
2070
1015
676
1761
2013
5541
3464
4157
7442
6710
5664
9765
648
423
9620
7620
4241
5647
5215
6597
8727
3075
1653
1453
9565
2903
2855
6667
4821
38
1925
6910
7235
6852
6532
4601
6273
6258
3152
8899
8452
7378
771
2770
7664
5675
1991
136
4232
5631
616
9310
2296
779
5646
5793
2550
1503
8138
5546
8854
2462
8110
9234
2365
3896
5634
9429
9
4998
500
390
2799
1302
1407
2228
5572
5785
1648
5228
8736
4728
709
7391
2064
6814
3238
8470
2043
4322
4617
8818
5752
4307
4753
2329
7054
6473
2566
1758
4875
2218
6795
1887
2745
5418
492
6501
4718
7911
2534
4792
9186
5140
1548
241
5255
467
919
9284
5764
3625
301
7886
2275
3484
6309
3787
1804
192
3786
4875
897
4339
2654
8037
9771
9014
3889
7261
1044
3485
1314
5954
5159
9721
2757
571
3621
8067
5126
7732
8954
8491
7837
7459
8015
6643
2723
4736
800
2389
387
3684
9857
4828
6948
417
9037
962
6566
6722
5024
2677
3980
4
3750
911
4137
7174
2818
4679
7165
3005
4995
3122
2818
27
5396
4702
2194
9393
8515
6144
876
8098
213
348
4038
297
456
3557
3669
414
8264
6086
2011
2390
8502
4576
2896
3849
3030
4100
5524
5687
9256
9604
9939
1389
2442
1782
5019
4436
7564
6265
1162
1340
7716
1834
380
8647
4850
8680
2211
9944
7974
9655
5143
1022
9409
3394
6417
476
8346
1637
8018
1595
6322
2378
1305
6193
9
1810
4213
6244
5314
4375
9032
9946
8181
6191
2381
2291
565
563
2155
1929
5889
6993
5209
7974
2910
5167
5653
3015
1844
1329
720
5168
2759
8236
6428
8560
9018
6380
1049
8118
5583
4451
2444
996
8562
4595
3009
1587
4087
4094
5331
1832
2113
3212
3993
2245
196
8349
35
5203
6045
3183
725
542
3281
4626
9459
6993
5987
4122
6127
1988
8634
8357
6766
4883
338
4190
3489
9985
2194
3745
5443
2893
5118
464
9839
5300
8909
5445
868
8551
5230
4248
6154
7086
118
1348
9191
7773
270
5173
5534
549
3947
5845
6472
5310
1661
3623
1605
6165
7036
4643
6372
1665
7904
1332
9345
4458
7600
7918
1327
6187
9277
7540
6151
7255
1952
7785
7359
4954
2353
101
6382
2354
2986
6250
6207
6526
6907
280
629
197
8287
8734
2174
5242
1839
5441
138
7807
2341
8514
1997
9016
6436
2043
883
1505
6678
6746
2036
1442
1718
9282
6809
1186
3663
4030
8029
6090
7124
7511
2087
155
2066
5848
3240
9571
1123
5616
6400
9291
8420
631
6406
8485
5017
1013
4311
4453
5872
7855
1469
7916
1747
9060
1508
9453
7570
1527
8634
2106
3424
8477
6838
4430
3709
6474
2906
2833
20
8951
5035
8087
9269
5558
4417
9354
6166
6441
5882
7641
3094
1392
1315
8369
5890
1746
7898
4795
1051
670
6590
3222
6984
6770
1224
4951
2232
7916
1918
4830
3930
1278
6741
4762
5841
4167
6070
9696
3858
9056
6069
6776
3888
9989
1870
2872
426
1157
7185
9013
6898
6811
640
9703
7346
7486
5381
2269
1403
2597
7353
369
5550
4399
6003
2349
8302
2450
1582
8125
7669
3858
4671
23
1942
5861
837
9273
3
8149
4369
834
7120
9350
6936
1284
1351
9992
4934
3864
1438
3598
2006
3106
406
7152
5568
2502
4965
1519
7505
9340
6
6279
1441
2480
1232
7418
7793
5965
9332
4010
2707
3147
171
1110
6271
9317
6976
6857
4835
9680
6233
3584
7771
1706
2395
1579
9201
7647
7198
3141
6103
3042
8879
1559
2690
7866
9414
7114
2489
7419
423
1532
6479
4070
956
1732
1309
163
9491
4921
2755
1054
4436
337
2256
912
2710
3990
4465
3296
1746
3133
8742
553
9591
8138
8523
670
5056
8062
9318
1419
9187
7778
3756
349
1900
4281
2121
1797
9770
9760
159
6249
1143
2297
3870
1548
909
3898
4406
2960
103
7967
4201
5432
5814
5959
4532
1234
9782
2957
4543
757
6065
5781
8099
1192
801
1403
1724
1667
1515
2918
2303
8762
7898
9186
2269
3911
9386
622
5864
1542
215
2003
1430
88
4053
3703
100
2368
593
5153
7373
9842
5399
4541
6859
2733
5749
8098
2237
1606
4032
5747
2697
711
5462
2451
6212
8216
3364
1148
2240
8109
2009
6417
1253
7471
3642
1554
100
1040
2007
352
1655
857
3294
2866
1181
2502
8511
7256
421
1221
9456
4494
8648
6682
9345
2051
6332
1383
8130
5034
4118
9722
1860
3040
6368
1079
6750
8432
1499
9448
9457
6611
342
3762
6990
9996
7696
3258
7302
9651
5979
5128
7218
752
2946
5419
437
6907
3436
9181
7342
9505
9713
9303
2594
6058
7948
488
1145
1992
3986
2882
3128
9874
9330
7366
3791
9442
9597
9154
9556
5644
7720
2328
656
1009
2176
2592
2680
9987
8509
688
4719
6057
4426
5004
6250
7541
7972
5817
4660
4164
8272
7398
9651
8437
6386
1020
6602
3454
8332
6805
4688
715
1860
4060
7633
1561
6713
3571
5396
2146
1639
5531
2349
458
2984
6367
4084
6377
6893
2194
725
74
8862
7674
2105
8484
2223
4621
8389
3014
836
4219
5794
8232
2022
3180
4381
7439
2422
652
5423
2130
321
6643
6848
4443
5604
5402
6568
4880
4274
1899
8374
6355
8516
856
2788
3014
3888
1375
490
611
8910
1869
7954
1147
2006
4784
9964
6877
1726
7521
3283
1033
2227
4738
8736
5718
9061
5508
622
4945
9849
1149
6701
3911
1017
8247
5979
1220
8606
5036
7071
4701
8769
1617
5464
5835
1950
49
3510
5145
5306
5868
1479
5072
4134
9375
3061
9025
2852
2550
2382
6355
2458
6079
4868
6845
9478
8080
9637
1878
3776
2668
6830
779
8726
5026
3532
2721
4931
8998
2515
3484
2097
6004
8963
2815
5762
7891
3239
2309
8569
9318
9968
1247
1118
5065
5938
3535
1426
8282
940
580
3135
7413
5134
4775
5348
6117
7654
117
5904
1128
7308
4638
7596
5170
1135
7950
5934
932
8287
5018
523
7230
5180
6877
5021
7027
7502
1091
2021
941
6279
1878
8899
193
1879
9655
6228
308
1470
9759
2763
317
5511
7318
19
5837
5379
4821
6419
9692
1747
871
4051
8470
6266
5621
2462
9734
2754
5362
9145
5074
4030
4371
4083
9703
2560
4356
7213
9942
605
7431
9740
5455
5885
4510
2445
9101
8295
1819
8088
8675
8300
6790
1048
1077
8995
2206
1914
8729
7717
932
8932
4927
3481
4549
2952
9024
5507
6550
7944
4291
2665
6804
4012
5974
7255
7932
2371
5754
7395
3529
4758
8463
5459
3965
6131
8323
7277
2018
3720
2869
6783
1120
6846
607
1440
6786
6105
707
7415
948
9085
5092
6171
6672
4627
2920
1275
5273
6620
9053
7711
1351
9349
7418
3566
9557
3243
2104
2545
7255
8401
4321
1640
9056
1072
4679
5628
2275
1551
8920
2276
9928
9555
5472
7164
3713
808
9583
2435
8493
8577
8109
7955
4573
2188
4444
263
4998
1817
2317
7144
3542
1117
5797
9576
2762
3586
6641
5747
8399
1937
2839
6914
5672
2067
1023
2594
1424
3652
5331
821
5520
8809
2803
6056
7603
6547
7291
9860
4919
7845
4713
5400
551
1667
3321
711
7303
155
5684
7950
6592
5624
489
9289
6333
7588
8730
1399
6725
1662
2842
9355
8553
2749
8869
9156
4432
4804
8721
2895
994
7270
276
859
4146
7259
3462
3533
9247
7572
5160
7606
6172
1771
7669
1890
8799
879
5272
8962
6119
751
5342
3788
5762
5780
4509
848
9709
3972
7574
2111
8093
900
4151
744
7006
9742
6099
1059
3898
8116
5350
2065
4348
8019
3492
5571
1462
491
4257
9882
1231
8702
9366
2703
4049
2615
7619
6709
434
1246
3232
6475
8129
9497
1177
2566
9700
8372
4425
7439
2528
7860
3461
9593
680
1112
380
6789
4217
4929
1758
745
8806
3476
4763
3054
4591
686
7485
5993
1495
8456
1161
8861
3446
378
7586
3679
5148
4276
2174
6890
7912
3899
6397
3204
7080
5201
1303
9297
161
2025
2470
1814
706
441
9156
9088
4532
6752
325
2710
4596
2074
4600
2204
3428
9122
2074
26
1390
4295
6396
9229
4331
7122
5223
5132
6116
1847
9773
2445
6663
3402
785
2569
3915
4068
3481
7885
2519
294
355
1779
2096
8749
7334
7808
3426
5095
266
7391
4354
8837
4683
1566
4801
3905
698
1288
9939
7249
8148
3955
9824
3405
791
4474
539
9006
7523
4893
3170
2887
2109
103
4245
7001
1994
8737
298
8689
1945
4614
2319
1252
7937
2151
1074
7183
3278
4031
3054
5016
1030
8841
23
2937
6273
2673
5032
7310
6072
8392
8139
3292
893
9340
8105
9989
1756
4727
2402
3017
3824
1447
8687
2303
376
9294
6406
8148
2043
6011
6157
627
4635
4953
8067
1159
9638
1526
6972
2909
7234
6726
2283
2365
6170
6521
8629
8281
2036
43
1299
6055
7846
9626
1976
4620
6760
1373
20
3482
1306
2483
1224
2507
2953
1274
1803
8254
8527
7377
3821
9906
2425
3840
1962
3681
8797
6198
8657
2623
8171
7315
5589
5730
1811
4567
291
8244
2391
667
8181
1958
6771
1759
887
8184
3290
1315
5048
5431
1970
3018
2628
4278
6372
9276
5039
144
4861
2139
612
5628
9432
9240
9839
3762
8751
3671
5160
622
1423
1216
7585
7843
6604
295
2897
2593
3493
6958
3122
457
1466
7690
1096
2176
4347
7107
5348
147
9074
9024
4807
7323
2243
4114
7355
2897
3091
784
4926
8307
247
2660
9200
887
5903
9299
2896
847
1955
2914
2849
1053
9900
2615
6515
1625
2166
8078
8223
338
1380
9053
3907
9602
5269
298
175
2437
4486
4507
1359
6330
6872
8543
8266
170
1155
891
570
2697
8683
6727
4253
7035
2626
5466
1291
8057
1726
4691
3273
3924
5884
5338
8462
4537
3253
7286
148
1638
8448
1585
273
3292
4313
1401
454
261
8544
4711
4568
4232
389
1541
7165
938
1923
364
8489
4311
8234
588
538
5138
3617
2975
1376
8841
1483
1872
1250
1853
8490
6280
909
736
4434
4906
5710
2288
6719
4080
4817
2787
3705
7796
9083
1859
1463
3411
5221
636
9138
2239
9866
6467
9772
6277
3443
9402
4096
911
5568
4385
9515
6538
2091
4847
4107
5562
5480
2866
5719
1532
1903
2035
1968
7068
7309
4381
7383
9929
4791
6383
6271
646
1536
1424
2003
8770
2270
9443
4699
2394
88
2635
6123
9517
530
6449
9053
2705
9949
2403
5281
6052
7064
5823
129
997
2347
9649
2746
6148
86
3849
9240
712
102
1777
2128
4896
8888
7901
1284
4379
1600
2723
4307
8827
8060
1005
2767
1271
8036
9565
9299
8609
2821
7104
917
1288
8975
7062
4776
8590
3580
7202
2661
7404
1618
8621
8891
6613
6682
2815
9620
521
2865
4560
8058
59
3327
6924
2058
6260
4631
6806
4135
6617
7886
1774
370
8011
7936
4277
393
1918
1167
8017
8302
8524
8109
5772
730
2331
8620
2402
3250
1772
2611
1851
7224
789
1172
1717
7044
5505
1660
7606
7541
3942
555
3136
7842
4071
1477
2742
6214
2780
5560
2510
4636
4703
3103
840
3015
4136
8325
9517
4566
220
3838
1019
6885
3968
3251
7537
8391
2436
7020
3702
6963
9198
7012
831
5997
5205
583
464
246
9808
2895
7074
1750
2173
1631
5222
5273
6102
4543
1657
3736
5249
1050
585
6282
5606
9108
9479
75
6087
7343
7853
9547
1915
3024
210
5273
7211
510
2636
7426
2546
8891
9973
277
7230
1927
8577
3961
1516
2832
958
7009
4611
1950
1789
1583
9854
638
4512
6614
5552
765
9381
6596
3604
2248
8498
2192
4259
9714
9313
7921
5290
1622
4110
8624
4538
9261
6046
7998
113
4945
5267
1176
3354
8515
6894
3114
5616
7627
1476
8610
2761
4158
323
6343
4993
3460
7558
1050
3348
8154
3272
3291
8784
7046
2566
6815
6057
4874
4872
7696
3615
6682
3233
806
430
1457
4724
6437
5477
2209
4922
4438
5241
3129
2049
3947
6026
7788
6663
7757
8773
7296
1080
9256
2988
6244
292
4346
2116
1510
7781
5832
7421
7267
1983
6545
3783
224
2360
8503
4003
1641
8506
8555
3351
7560
5879
7032
327
7016
2493
7699
8736
7338
7562
6769
4310
2648
5185
5098
3105
7880
2989
6573
6147
2740
7750
5123
8029
8535
2370
424
4979
1066
526
3192
3053
529
7997
4614
6272
6975
6367
5107
3196
7217
4101
8173
8374
345
1477
7958
5017
9738
810
6551
3625
7028
4173
1044
2313
3312
9417
1313
5869
2446
2219
3893
370
6620
4537
2638
3149
9691
4246
294
6017
141
7571
2741
21
7473
6343
5126
9445
498
1505
6558
8439
1948
2301
9355
6913
2977
8118
6137
6122
1163
1164
5051
1390
7459
5430
9511
7766
4002
2265
8579
8359
9749
5865
9439
3305
5590
8831
2115
8043
8921
4668
7083
4549
1668
7822
8416
6639
227
9649
5096
1632
2187
647
528
8873
2333
4394
5034
5075
9405
2897
1362
6982
9491
3441
6933
8732
8609
8166
7748
2533
8663
5379
5
6204
2708
3831
2667
7433
958
6208
7015
281
2836
292
1343
1803
7569
3405
1470
316
2211
7093
587
8710
3245
243
2511
6020
2794
5444
8625
5769
3188
2510
2436
1330
9476
5296
4325
5305
2570
1022
8717
6395
6622
8204
7981
5836
1000
5465
2475
6874
9390
2142
1511
1503
4700
6
1459
1339
5065
9169
7427
673
1927
8724
113
1536
8731
131
8916
9094
3966
2801
5650
752
5571
6055
7012
6692
3658
7363
1401
115
260
8275
2701
7849
744
4723
4923
5607
9158
2483
7377
2996
282
6637
6771
8719
2354
5349
5283
471
5555
9586
2959
574
666
5692
3851
7388
847
1382
4065
4624
2030
7597
7734
8605
7001
178
2047
658
9464
8709
7779
1321
691
3730
2003
2917
113
8145
2807
2246
3713
4904
2715
3375
9706
9139
6154
2074
3838
6359
4906
6970
4260
4084
4568
225
598
7642
597
307
2728
3037
178
7066
1563
203
631
6156
4128
348
6954
6218
3552
6076
9454
9274
5612
7526
7658
4967
945
9393
828
1863
1630
191
3405
3694
169
483
807
7586
814
835
3269
14
7273
4511
8873
9674
8871
8433
8195
859
4456
8677
6337
8679
9192
2155
8178
5884
910
5834
2896
4305
1172
9175
525
3901
312
9254
9836
1975
7938
3808
2452
7245
2007
7207
5408
8393
3933
3510
5851
1937
1777
9308
6219
5678
3605
8970
5306
4703
6750
7594
1869
7439
5037
3
5518
3028
2668
6603
9005
2170
8971
2140
7511
4207
7611
8794
3077
4752
2332
2403
9785
820
2370
5592
4420
807
7133
1324
9947
4138
2985
4842
8203
1929
6034
9052
5754
8861
6540
7897
6561
3315
5603
2350
471
9180
5743
6337
1647
2102
5594
2738
7637
1708
1828
1714
420
9354
406
9976
780
8036
102
8770
978
2118
3787
9033
4681
2014
3810
7833
3216
8074
176
3903
4971
7740
1257
5155
582
3013
6976
616
5895
1633
7247
4578
5092
287
7481
2023
869
4772
2863
1593
1739
6032
5808
8371
6289
3169
4020
3826
1074
1719
155
5366
9660
3832
513
1593
6275
2036
1014
1248
1592
7691
1691
7647
4539
9022
6462
3041
2751
8324
9226
3784
1725
1982
7497
4594
7884
4141
9292
9853
1936
5346
2588
8252
9264
9766
1377
8555
6509
171
8435
7247
6767
8115
9728
2642
9025
2959
3341
7709
5041
1035
1424
2374
9105
6424
3837
5405
81
4042
6640
8146
7297
2659
2411
3177
9057
2383
7680
1664
1532
4866
1248
1408
5076
8431
197
2306
2975
1483
1998
8116
2435
2545
3193
9884
670
566
7702
3149
1273
7584
8424
1960
45
7651
9679
932
7623
4124
4757
3105
1288
5553
422
2857
720
2536
2371
408
6044
2120
1432
989
4637
862
1469
2626
1212
9296
4314
4809
5931
2311
1902
5575
2765
5224
6802
9718
4088
3027
2217
3317
7114
8113
8203
9202
2906
1623
2562
4507
9281
2688
7460
465
2968
4058
4691
7935
4147
6719
6786
4778
9071
8599
6905
4296
504
5036
4074
9606
894
2734
2868
6533
41
7640
3031
4388
2458
5251
5818
420
7892
9145
2090
5320
3755
3037
8340
4171
8124
8921
7813
2087
6253
2424
928
9987
6934
421
1376
5308
1025
6947
1022
2472
8029
5679
2932
2535
7977
3043
3155
2219
9551
4973
8610
4505
9407
4303
1096
7951
3182
8439
749
5945
1886
9826
4044
1695
5424
1165
2011
7250
3543
2204
9726
4647
5967
2990
8281
9634
8606
2993
2628
535
8858
1794
9268
6076
7339
9960
7607
2451
6289
7026
1296
4663
5385
5213
3989
6101
1805
4570
6101
9422
5290
7872
6301
361
8438
5086
109
1854
6801
388
9959
4256
4571
1522
359
1035
6583
9408
2329
798
6878
112
4743
6730
2247
289
8306
7069
6069
6086
8884
8760
9185
8918
1268
7943
4186
2853
6265
2
8331
8883
674
3295
7916
4212
6069
9483
3947
416
150
3753
8540
7883
9802
8042
5742
7895
2205
7790
9601
5912
3489
6841
5925
5912
2185
1209
8884
237
5253
2295
2275
2200
1806
5820
1508
4671
8468
1702
6784
814
229
6492
6259
6969
4769
3598
5225
5397
6236
9712
9016
3464
932
9881
5053
9485
9812
4998
7899
6556
696
1588
5489
6890
8050
9327
4892
4157
1981
2612
8525
6803
463
6286
3020
452
5828
4111
6125
1300
5848
2540
5090
9070
6277
4271
8353
3101
6415
3479
759
1420
5804
2610
3677
641
3912
1262
75
373
615
7309
378
4648
3020
3127
3198
626
5978
9396
6116
1405
3529
2538
2759
577
8012
8275
1993
8592
5760
6307
9457
9812
4439
3033
7552
2901
9862
5636
5993
3007
1804
9992
2400
3443
500
9104
8097
1773
4412
6678
1717
7111
3271
1457
2192
9516
6976
4799
1614
2318
353
8627
7376
9772
2818
2400
6673
7022
645
247
2974
8195
2562
2269
9654
5118
9775
3489
3182
9084
7138
7820
9992
8185
2266
4842
2180
3860
1898
6920
4471
1776
1432
7679
7596
4716
6741
7664
5609
3652
1437
8383
1043
1289
5026
5925
516
9968
9220
4881
1916
5271
5284
4863
1317
1693
4745
9260
3980
6338
5554
9593
8365
7292
8973
3422
7358
2811
5432
416
5007
9040
4454
7126
2687
1322
9220
4616
2211
2816
5948
5673
851
6726
7866
1719
9381
298
8141
2304
239
3358
9680
712
8871
9259
9994
9608
9132
4211
7699
6889
1595
9496
3416
4577
6251
7612
1984
9405
6970
5160
5807
8208
7307
6289
6251
9707
2880
9496
1390
2590
1605
544
60
1741
7645
3669
9173
8246
4017
9979
7469
6258
7109
9701
2474
7099
845
4856
6350
8765
337
7487
6149
6927
4461
8784
6929
4788
2124
7614
7700
4221
1814
2737
3133
5393
6887
9347
1000
672
2802
3164
3791
4036
2134
7168
5589
4841
4207
2503
2165
3039
1168
4189
7526
1758
720
5483
1506
329
5203
8582
3479
629
5371
1223
7693
7948
2110
7947
3161
5405
5977
3260
833
1447
9493
9471
7153
1750
1001
1983
1630
2748
1632
6954
297
3652
3117
6874
9479
7107
748
6391
9406
3503
2635
6507
4882
5861
2137
3959
385
5830
957
4516
7883
3282
6394
9788
1366
1720
5585
105
369
283
7208
5838
8024
4585
9450
2662
7159
537
704
6169
2130
2787
1966
3846
3733
5765
6336
237
7831
8050
6550
2092
6581
2813
5054
4125
2860
3511
2017
9502
3590
982
8385
8193
3001
326
7842
1765
1516
7908
3093
4805
2572
2216
4813
6639
1166
627
4620
9703
7701
1962
6797
365
6454
2418
1000
4092
538
5836
5745
8181
8853
9282
7265
2508
4565
4899
9946
6784
4636
9451
949
3089
4849
3783
6159
269
8148
9128
211
5340
5393
5718
9897
1229
9383
1878
3072
1360
2042
3967
4679
8901
4373
4265
3731
4565
2484
583
508
2304
8192
7271
6152
9110
124
3272
6844
4874
1840
1819
9648
5732
6116
1261
5442
9189
9600
8388
654
433
6514
4199
893
8104
5183
7955
5436
5749
797
8987
2271
2123
4512
8112
1125
3788
5524
4722
7404
1501
6219
1125
2776
7830
2742
8791
1025
1806
4761
1009
9211
6951
9067
1085
619
6981
2507
4247
1654
276
2281
1671
6603
6491
5508
8893
6068
9180
6912
3197
5304
414
5915
5182
9989
5884
5183
2302
93
319
6570
6216
6446
8313
9084
2968
5319
404
8849
4446
6664
7963
3985
2290
105
4870
980
1175
29
1868
1657
322
472
6628
7912
8461
9454
2509
2087
9575
4094
9647
154
3423
7216
5825
1919
6449
619
9693
137
1727
8058
8688
3387
7220
767
8710
8615
5621
7065
9574
5863
441
4226
3305
8780
5611
956
4849
837
8349
3101
9464
7459
5614
3080
854
1658
9151
766
3688
4650
2211
9509
7933
7775
6630
6280
7602
150
1376
79
1776
4370
7225
4816
1124
8509
8687
9286
3952
322
8453
2417
3121
1083
4255
2750
2065
6662
9723
3545
9373
8558
1122
2464
4009
7639
1712
8489
1426
745
3919
2519
7396
6289
4299
185
1678
3909
1618
5316
931
2630
5210
3202
5954
8747
4375
4410
9256
1259
3373
7058
8484
4843
3859
8915
827
2201
4681
1708
3742
680
8907
5609
4345
3934
7382
5206
6845
2442
5739
7694
6960
9657
7730
4617
2515
7755
9489
5093
5060
4049
8028
179
9205
9914
463
2470
9597
7727
8778
4408
4558
2587
3868
9422
4439
3887
7683
1677
1114
6693
2563
1149
1584
3731
613
7212
8268
3298
9442
2374
2173
6832
5409
404
8936
9763
5613
8978
2662
911
8266
1990
3098
8681
6505
9038
6789
1469
4666
8328
2029
6061
2705
952
1643
4219
7789
1238
8965
5690
1493
7142
6124
5679
1027
2156
1526
5501
1398
367
9662
5490
8434
6781
7802
4604
9163
8383
3341
736
7122
815
2510
604
9726
2919
5114
6459
5903
3868
8502
361
5840
827
807
2631
8651
7859
37
3362
81
9107
8605
1167
2825
8037
9094
8346
1593
9163
4406
4479
9331
4488
5766
8264
3522
1715
4499
4521
934
9208
2759
2328
9019
5407
184
4000
3072
257
9518
4696
7495
6520
7563
6384
1544
4710
8310
4716
5420
9161
3128
6996
1063
6093
5915
1034
2468
9779
6208
1214
8807
5521
9600
4495
511
1706
3813
4834
2875
5631
5930
5976
719
6165
208
3851
7415
2681
1538
7481
9675
3938
9947
4085
6947
7606
9063
9866
1277
4559
1175
6385
7549
767
569
421
1668
8322
8552
6149
2132
8884
2751
8794
402
451
276
2249
2589
9221
1315
1691
3567
2364
3671
283
8802
9625
4992
6992
2068
656
5938
3084
7902
5371
6427
484
4017
1633
2391
464
8706
9080
7143
7093
136
9560
7103
1762
7475
6834
9391
3048
8175
9393
8709
3326
7769
5216
8240
8067
7138
2141
5400
3093
7170
8380
7148
178
8191
9630
620
4573
1485
516
2713
2707
920
2526
5625
1310
7968
2185
1199
2377
9220
7753
9531
7990
3251
4371
9790
8333
654
1934
1761
2469
914
8538
1926
5656
533
5314
9662
8466
3151
8878
2284
7050
91
3389
843
5780
2061
6097
6924
5622
9830
715
674
554
5670
1240
4306
916
4193
732
2820
468
5718
1518
6399
9886
956
4996
469
872
1869
2321
3434
2195
7928
5036
3355
7102
4929
9090
3196
1079
3308
3167
7811
7732
3706
5209
3971
1297
3971
5309
9211
8922
9189
8223
5425
6491
7851
1068
5129
327
2370
386
4650
9798
4888
2595
6594
3170
3845
1381
3097
2164
2063
2237
3908
3274
2600
1517
9115
2844
6379
5756
9933
1791
9960
2645
5842
1449
5947
3699
3026
5798
4868
2315
3636
2171
7762
5578
4057
3385
4337
4577
1690
7412
1446
1134
7535
9669
5848
7869
4817
1276
6914
9934
8514
8378
7686
6777
8172
5854
2916
6367
9144
4990
3371
4275
80
8441
3519
8506
374
347
188
2750
4951
480
3146
3609
2858
5372
5201
1664
5373
4667
4015
6253
6850
5652
3048
4002
2150
5923
8301
8635
4067
5416
2912
2131
2886
1162
9303
6441
4707
6463
3439
4133
9143
144
7330
9494
6879
3113
6204
4462
1527
1743
5227
4736
5206
389
7749
168
9496
2992
6287
2300
8443
2250
9547
3138
4638
9700
8593
3298
7351
4575
8225
6653
1444
300
7735
6398
3893
4354
5424
7519
472
817
1037
7647
5604
9797
4518
2516
2842
7981
1233
6316
8520
7708
7587
9784
7136
1312
581
762
5898
1793
8635
2398
2709
4428
1041
5239
9331
9297
454
3484
8614
857
3806
6099
6741
8124
7107
748
2340
5234
9372
6338
6147
2744
7904
3181
4165
1141
6333
1067
3539
6734
2548
3152
6850
6663
8567
3020
5923
4108
9910
236
4346
4879
3302
8979
9073
5585
291
5963
1822
5910
7111
2406
466
4276
6860
9674
5955
6685
1550
2524
1836
3982
1637
7628
387
3495
9042
4514
7532
1995
663
7047
2508
9322
1164
8488
1425
3902
7103
4486
1568
1826
2731
6801
6222
6266
1837
6998
1955
5022
9347
1222
9644
6857
5829
8697
7360
9298
5833
7811
5318
2136
3378
118
4389
5747
9208
2904
987
761
4366
1271
6610
4382
4688
3418
9296
3104
6779
2585
5294
3890
7473
4864
8651
5718
8845
8928
1026
5265
4181
4310
3273
2441
9742
880
491
5298
6659
5517
6713
890
2697
965
2892
5634
3309
1161
4558
8990
1119
8028
6618
6143
1091
626
6145
1359
9893
583
5551
6011
2269
3188
3757
9560
6931
3853
3304
7007
4613
8463
4225
9451
5431
680
1111
4454
9098
5015
6322
5790
5312
4614
4721
6989
2767
68
7782
8842
4740
7320
2624
5738
154
2467
9194
4411
4219
4326
8994
2258
1573
1652
3677
5875
2465
8921
5641
369
1664
507
7891
5175
6375
6095
8681
3990
6942
4223
3747
1968
7411
2491
4846
6532
5299
7950
4840
6651
828
8978
5715
3091
684
1078
820
3865
7486
3887
2843
5260
791
3709
6472
7552
4044
2080
2956
5361
5463
5738
2590
8808
5721
1910
9567
66
9809
1514
1552
9135
9774
8649
8066
5593
5266
508
4238
326
9671
706
5526
8895
6439
9542
6571
3762
7382
7408
9521
8901
354
7806
8464
7868
207
19
5053
5900
428
49
3016
1761
634
6644
7095
2045
510
9791
8114
898
9220
8667
8480
626
7670
5164
8291
7221
8174
1079
6800
299
2745
4161
2818
4690
6268
3722
7086
1482
6843
9290
5753
3159
8471
3194
8601
1543
6248
6550
9466
5493
124
6753
7411
461
959
9354
7336
1777
7531
4557
9665
7595
1169
9085
2698
3555
3721
4081
2364
3844
5079
2749
1884
7930
9375
2691
9298
1071
5257
7257
8141
5527
4632
6412
2774
5223
2952
5893
6706
5549
9286
5163
2203
6716
9877
5706
3521
7479
14
4626
9565
5137
4103
2787
823
2178
455
6455
649
2733
2185
3392
4051
2847
1551
4949
1472
2394
2169
7415
537
5395
1063
984
7720
408
1147
9390
768
5446
7010
7509
3819
8170
4756
9539
356
3511
5385
5503
7798
984
783
2516
1012
9110
2410
7667
2395
4572
1772
1559
3029
4137
9813
5965
1504
373
1275
7123
7214
3480
1437
112
2237
2567
5285
917
3866
5505
557
546
641
5401
3284
5500
1833
9172
5297
8494
2574
6710
7862
4814
8446
8872
6904
9281
6985
6828
126
3665
9538
804
5513
1213
5611
5840
1347
914
4800
8775
6155
921
7219
680
1023
993
3224
9393
6555
3822
2097
6112
113
8674
9421
5431
1337
1500
7884
3413
508
4318
1718
915
9707
4819
6717
621
3238
2369
2208
1602
8922
8427
3090
2173
7209
6490
1962
7637
6320
9740
9196
737
9445
6253
1416
8384
2064
2886
6065
1656
4332
468
561
3278
8286
795
7547
7429
5893
362
2433
4842
5554
7328
263
9280
762
4495
423
503
2985
8191
1319
8131
346
2903
7192
3801
1828
632
912
9901
6455
4042
4011
8858
6536
4236
3773
3602
4425
6053
187
9783
4844
7744
9962
2056
2473
824
1048
560
8734
1888
5130
3724
247
2822
646
3724
4398
4393
5490
7147
3604
281
1772
130
769
7166
3051
7130
3049
1147
8550
9217
8304
5028
4324
2911
2238
142
9107
7416
1238
2166
2045
5301
1220
756
8504
4463
7334
9681
2077
1979
9916
9432
4684
2765
5554
3001
2253
1126
6158
3427
2362
207
4005
1459
3003
4907
8435
4888
8242
1111
4730
57
4392
5766
7210
1993
7560
1067
6450
7241
9403
869
4167
6127
6419
2242
2019
390
4700
8285
8319
1222
367
8554
5508
3477
9337
7925
3005
5278
2155
1493
1697
3521
3716
5910
2337
5131
4668
1783
8589
4744
5410
2641
5308
7238
713
7242
6779
9372
2926
1961
437
3403
1373
490
5700
4451
8644
9732
3607
377
7384
8842
8420
215
775
6111
2592
2084
590
1901
1613
6790
28
9543
1395
8486
2438
5181
243
6915
5916
2320
3591
9386
1484
4823
7422
7444
2694
3218
9767
7023
6064
477
9435
9186
1083
4631
9680
5308
613
8211
4411
9372
9632
2334
661
598
5458
4979
1074
2452
4639
5723
1806
7435
708
793
2841
9680
9702
9157
2885
8139
3163
9687
7533
1946
8294
4855
8872
569
8393
7938
6894
3713
7045
3504
8746
5918
3078
4291
1729
6806
6509
5346
2674
823
6350
4679
2382
848
7099
5142
74
7186
6480
8496
2066
4168
8050
2519
8385
6949
4881
8114
9999
2429
4309
9587
3161
9031
3128
5047
2919
497
8160
6717
9498
1669
8544
5963
7493
2026
4303
9421
4781
942
3881
432
7876
1219
741
8478
1074
1303
2167
6203
5685
601
2679
2240
8827
3368
9042
5141
1917
3742
2670
6020
4687
4333
5796
5627
645
6761
7177
5362
632
1190
7133
526
9128
5395
4905
8710
4436
3800
2402
3940
4169
4700
2627
1006
8072
2905
7082
8438
8715
916
2337
4558
3592
328
1136
6160
2566
9986
5265
5917
8656
4099
6996
9780
2713
385
6597
7077
3375
3455
7802
7335
4994
3662
3841
3319
7863
4931
6346
5842
2632
555
1440
452
670
7869
4270
8786
546
6335
5631
1925
1759
8076
903
7928
6541
7876
5552
9796
202
4292
1719
2826
7657
7815
9689
3425
2576
1741
1528
1456
5708
6428
5171
5246
552
6788
3892
3464
7358
135
9019
2115
3021
7609
812
1747
5084
8180
724
2667
9102
6415
2034
3894
8214
2720
8291
6229
8460
15
7390
6426
6545
925
9010
2836
2511
4694
2604
1660
9573
2643
9853
2031
7394
7730
9820
1213
1071
1305
7512
2146
4434
4937
7761
7219
3744
2560
8679
6219
1939
8674
7059
2326
4764
8905
1045
6702
459
8042
3069
3572
4781
6505
78
641
5
2320
2783
5038
8254
1420
3300
2577
2431
9353
5213
6520
5120
3983
4638
8539
4076
2717
3726
541
8248
2149
5188
979
8483
5528
8015
8137
1598
6835
2548
6497
622
4730
1230
8973
1408
7924
1920
2351
6732
1399
1839
1487
5933
7798
9166
7917
3344
456
3417
119
3131
9371
7959
2157
2544
7464
1306
5795
6897
2905
2104
3271
886
2696
1215
9203
797
8842
9188
3285
8386
6124
6845
7774
6336
7276
6176
9736
86
748
7755
5451
7645
3442
3398
4610
3241
9171
1334
5721
1342
9218
5571
9754
5381
1731
4395
8952
8783
4661
1832
2315
3081
7423
3344
8078
7504
7082
7101
3429
4823
223
1196
3059
7207
9699
4761
9531
1351
2048
7627
5829
6620
3366
683
9859
7794
5122
795
7412
443
2797
1333
425
6680
1432
7281
1063
1638
8806
4283
7388
2714
7132
8260
4805
6561
4868
8984
1535
5057
8040
7009
8301
2676
3709
7162
9850
1990
5005
4966
5279
1884
2058
8385
7559
1383
8672
9127
1360
9194
9274
2052
1285
792
7496
1835
218
8706
5375
2220
2056
8880
2402
4672
5754
3245
7231
3942
3879
6472
1293
2595
1984
3000
6485
4597
7708
2335
9134
489
3411
4419
1166
6718
984
9033
5117
410
8634
434
7340
9835
5948
5819
3702
8640
612
320
613
9177
1217
4385
9977
6668
2929
7479
1509
9098
5521
2088
4426
8577
9318
9817
2392
2739
6396
9284
2642
4231
9821
4027
1041
9182
4884
2443
8284
4233
8499
2452
231
4698
3489
9048
7593
1304
552
1730
2258
1926
7998
5065
3933
5126
8226
1685
7794
4858
858
802
495
219
7819
8323
3688
8526
1192
3800
8573
7908
6542
914
3851
4320
7440
5654
8454
5151
6030
1489
3557
643
7259
3099
7582
3008
783
4575
3603
5963
4522
4714
2413
9823
8171
7650
2185
3649
6784
1273
304
3415
3374
770
4475
3845
4932
4035
5718
7992
971
5211
8853
8183
7776
2662
4149
2391
8069
6831
8516
6461
964
5093
8211
2857
2390
5665
362
1249
1460
3655
6989
5643
6364
3643
3726
9984
181
6966
324
6909
9558
7913
9594
7772
4676
7633
7418
4579
971
5051
8156
442
576
7882
2713
1971
6260
5975
3445
5
139
2681
5453
6777
8846
6645
8461
4201
8061
6327
2053
4581
3641
8402
5853
6313
9905
9300
22
8172
3579
9630
2307
8441
4406
898
2360
9875
5997
1518
1889
7813
94
6424
8599
1832
1196
5146
4159
1640
3026
4176
163
2057
4874
5439
165
7157
6061
824
6832
7370
4251
6446
7681
2978
3085
437
3063
7651
393
3483
311
6248
3717
3131
7107
4191
4224
3839
1532
6661
1886
1670
8293
7679
8114
2647
9226
5642
8097
2773
7105
9205
4548
707
6223
5789
7902
826
2350
3673
5903
4088
254
8872
8520
1227
4970
4536
5776
2911
5452
5608
4871
8452
7859
2624
2489
835
9428
6319
8853
5890
5103
773
5838
343
5732
2291
6961
409
1062
4687
8792
3805
190
1228
7135
5472
2259
1914
2437
3568
4952
1274
1798
4960
822
6436
326
5675
1324
7420
7984
2792
8404
3074
7152
9839
6473
9882
1790
1100
5046
268
5756
9665
2752
9772
81
6337
4054
972
6759
8042
8759
5665
2066
114
2453
8724
995
22
2393
9161
8572
735
5128
8869
7332
9174
1172
5179
732
4984
8998
2824
531
4189
3034
2944
1928
3398
1515
8120
5566
9590
5298
4470
8501
1939
1337
1926
9830
6061
5348
8206
3279
4382
9474
2052
8416
7649
8415
1247
21
1560
2622
7595
5589
3689
3063
1168
6202
9177
1883
9205
1650
5260
7151
898
3509
5867
9368
6851
904
6999
8756
3204
2658
5805
3418
3817
3949
7291
2018
364
6543
2194
7239
2653
6601
8268
6252
8549
480
2527
4637
9067
6538
7587
3832
3531
155
4737
6220
1604
9793
4301
6417
6481
6845
1717
7784
3722
1747
3914
2723
4028
8467
1198
6408
1670
3513
750
1251
5637
2993
2483
874
6450
8800
8436
4549
4011
5551
6030
7645
2656
809
454
3523
2350
9399
9006
5636
4161
58
7126
2668
181
2921
6453
5306
1150
539
521
8099
7737
1559
1019
2233
7395
202
9622
2668
4888
233
1865
9937
3774
9767
8971
499
4339
7930
895
4423
357
4169
4792
9221
3217
1080
7087
1348
7661
5096
7986
3764
6602
1880
6447
8130
3540
1249
2290
8487
2396
7088
4539
2706
2632
1221
4387
3624
6889
700
3553
1065
7597
873
3032
1140
2278
4778
5795
3566
8907
3335
4580
7679
430
7549
7256
1293
9358
6716
5839
4765
3053
4126
8219
3335
5893
5689
5032
4410
4726
3862
7787
4096
9539
4626
1757
9651
2958
8197
986
8768
4353
8450
2756
667
3871
6206
3806
3299
4921
117
694
5655
1525
1705
4482
825
6893
732
7487
4066
724
384
1814
2598
9902
5228
7440
1833
4528
642
4635
1539
133
4063
461
6016
6323
4451
2168
7963
3134
930
1071
5004
7227
8074
9544
3647
6263
7110
6594
2423
9737
3889
8489
658
774
143
3736
8303
1012
3769
9967
846
6913
840
4965
8407
3636
164
1983
5181
4195
140
1137
3588
487
1065
9796
7425
7469
9854
3753
9009
8607
355
5309
6749
8771
3875
1934
2764
114
2658
3773
5129
955
8179
9028
2215
5336
7416
8602
3698
2210
3003
2693
9112
1921
1933
735
4487
9574
9966
8619
8585
5085
8108
7178
1582
1645
4127
7737
4152
1522
3668
3022
1677
1357
1448
6435
4280
2937
4328
6482
1729
5809
743
4722
8974
289
1520
8032
1546
1707
7180
1873
1766
4443
8901
871
9181
2748
5644
1714
5564
8604
2121
2090
5553
2813
7521
7530
7298
9934
2444
3022
1874
1994
7783
5537
1969
6335
248
4768
321
4130
8273
2451
1632
5632
5766
8877
2418
7192
6370
4385
7022
9480
1847
2760
3437
2853
4772
2608
1966
735
2892
1959
1742
596
1125
8937
6582
7251
9198
8662
8613
4404
3221
5848
959
1286
695
19
6406
3993
5753
5597
8248
5950
8407
5920
1482
1836
7547
6830
3140
1732
4688
5509
5020
1510
8199
2515
3767
4981
7338
9307
1997
153
3503
3048
3916
1556
9728
3298
640
2232
7512
3455
3122
1798
1408
2635
7454
2954
4460
5307
7066
1301
9199
9455
404
3002
710
2118
5867
2382
452
9238
4897
138
9337
1596
7134
274
6792
2353
4088
3819
1337
4318
5219
4489
5580
1377
9668
2230
96
6944
5226
1498
2915
2525
8206
3399
6330
155
4922
4292
4979
97
9513
5949
9673
4524
1406
7721
936
8233
103
6268
114
8339
5043
3469
3537
8026
1441
1290
542
4437
491
3595
7442
5321
6515
6629
4235
7290
4365
4768
9712
3697
8590
3707
504
8655
4451
8927
9096
6626
1508
7153
2076
3925
4490
4635
3017
4796
479
4589
7856
8737
5429
848
9509
1384
3962
6684
2336
9674
5627
4315
5795
9264
951
3437
5486
1838
3685
9837
7792
7859
2743
2420
351
6045
3457
8636
4106
2386
3957
9415
1132
4588
2305
7426
8195
6133
5260
3156
2818
20
8764
2651
2260
7894
3196
2458
8083
176
684
1147
8664
2436
8793
5307
2339
2387
463
1494
2012
5058
668
5889
5435
2223
4774
5015
470
4086
2896
1237
3833
2063
761
8714
3259
8090
3541
6457
7726
3566
9489
2
1239
2734
2417
4656
9711
9966
3724
2291
9833
5556
9946
9729
1797
8434
8957
6216
5652
8243
5438
8952
9501
564
3833
7887
8064
2997
9675
8420
2585
2928
2763
7224
166
8537
5223
7674
108
1286
8385
1018
7480
5730
8906
6720
5522
5500
5132
8382
8182
709
1998
1619
982
8538
8820
7537
5530
3167
902
9698
2330
7437
8402
1158
6909
7036
6596
8864
9907
9877
9284
4115
5520
9297
737
1014
649
5030
509
2543
388
5460
2233
2927
2635
26
6259
5946
5170
9327
1532
1707
5370
2830
5695
8293
9124
7296
6463
8332
4217
3056
2656
5
2410
5692
9177
4060
2724
1352
1992
6181
4182
2183
1878
2165
3094
2860
6381
1681
6080
8541
7495
1463
1616
7562
6393
5404
1283
8557
3600
1781
2425
6402
9962
6330
3422
3448
1273
8440
489
2585
643
4294
2132
9671
4445
1451
9725
5895
6346
1454
8012
3586
6958
8813
4182
6649
6408
4642
5745
4698
1791
2211
2650
9281
1292
4409
4484
8512
4617
1268
9729
7873
9992
2796
853
1355
2295
203
8633
3476
7474
1193
7534
3574
4170
6440
3218
6133
5813
8449
4456
7007
8133
990
8979
9317
1965
3082
3875
1466
2882
790
9428
7385
2190
9582
5922
6380
27
6203
7426
9274
8014
4346
4637
3328
2226
2621
7614
308
9910
176
2782
5877
8569
2318
7005
5159
1462
9333
2228
3070
4747
2552
5609
5081
4622
6228
4195
7457
3857
2837
6911
9682
8677
5273
8898
9545
926
8469
2224
7262
5398
5159
5676
7412
4052
5995
3824
2015
654
2130
832
8725
7740
465
266
7640
8831
9062
8720
3011
7778
783
7706
4883
1568
4782
5013
8024
9990
2392
6177
3340
3130
2414
442
4051
1613
1886
2500
5044
2877
2426
556
5703
9933
1272
1357
3839
521
5324
9361
570
6325
1859
3625
1622
8485
5665
2798
3046
8611
9470
1800
5910
1964
5709
5039
3947
8828
2685
369
8734
3931
7619
7395
8683
9943
9015
3883
2405
7860
2542
3869
5069
114
2408
9989
9362
8159
2699
4421
5227
4828
1008
8463
6131
6611
5260
4245
4356
1049
3921
734
8599
8241
1558
5228
2522
9698
8869
6044
1395
3177
852
2350
1620
7538
7142
8086
4128
9011
1570
2705
8126
1689
516
1500
3419
4248
7731
9026
2708
8013
2259
1172
8405
7158
7307
7518
6715
4436
8842
7544
7121
8495
3446
5562
7209
5835
6373
6243
7432
859
2719
60
1639
6627
7732
4984
984
8977
6234
1631
2774
8927
6121
2459
176
7266
9915
1154
9863
7175
1470
2358
1382
7231
4428
8314
6225
24
477
5990
7345
5982
3035
6780
1376
3777
6294
7259
7519
1833
1401
7732
9568
1847
7837
6875
5265
6542
5340
4304
3510
9778
5961
7663
8074
8032
4350
1605
471
5662
2662
357
196
820
3084
2746
7582
4427
9908
7101
8283
773
2008
8120
1675
5374
7029
972
7743
9889
4296
4096
6607
9117
6051
4908
3814
8170
1285
3253
849
1623
4504
6649
3336
4278
956
8493
6844
2106
7876
5861
6786
3455
1584
3173
622
8651
8923
7269
2707
1907
6710
4474
7210
913
1076
1506
6242
149
1447
1728
1207
2858
2107
2602
5142
1115
2882
4143
4223
3653
9568
2556
7564
8926
7335
1153
9810
9670
1574
9792
4581
1357
3421
4501
3552
8661
437
9148
6789
634
5805
2319
2802
2095
5480
5760
5013
6859
2613
470
3890
4756
9951
3243
8946
8698
1223
2677
46
8663
5870
8531
508
6694
5559
8363
1273
9170
4668
2721
5144
448
1776
3738
5994
5375
9157
4098
3374
5662
351
7835
7419
6112
6825
9944
4748
1212
8886
6249
6779
4711
8299
7751
4193
3302
9627
5362
5116
2558
4370
1384
7555
111
3222
1513
1318
2049
6043
2633
1673
1373
9975
1718
1026
1727
822
8955
5345
6299
2414
2724
2864
7437
5412
7683
2059
3493
9649
9923
5538
2259
7440
8570
5756
9840
8761
1828
3951
4781
4643
2349
2381
1999
4581
5487
1104
1692
942
9774
6602
6255
1413
848
8566
9778
2131
65
2627
6508
3329
1589
9330
6713
5676
5375
2510
1242
7920
5986
3708
1244
7987
5734
8995
8013
4785
4862
3149
1100
713
8935
942
3073
3637
8947
8789
5213
671
8135
4369
8514
3123
2258
8997
5974
5408
2703
4367
1157
4979
2108
3350
725
3013
1244
3266
4046
6579
7914
2832
9433
2031
3408
6278
135
1589
3238
308
7766
4385
1102
5084
2608
9631
1712
611
7876
4098
4658
6136
2281
7897
1738
1972
288
3952
1607
3507
1658
3475
3372
3234
5642
2392
9967
7081
524
4221
5057
5612
309
1151
9678
8060
1581
973
2088
1491
795
3740
2383
6416
5311
3852
3236
8847
7542
7867
5518
3517
2105
5433
2317
2075
4759
2124
8588
6080
1477
9701
860
756
723
7218
3311
3146
9617
1717
642
9758
6417
7461
223
2064
2334
2003
1154
655
6174
192
5946
3657
804
6093
5410
8945
665
8851
7985
1491
5468
2645
3919
7509
199
1666
5721
5678
6132
111
9750
2011
2512
1221
1258
3727
5135
7958
1323
5947
7648
3654
1827
7006
2866
6616
3974
3615
9479
1334
3909
3625
824
4117
6465
6742
6010
9176
1059
4783
1935
1923
6908
8419
4623
5507
8376
310
9657
1005
3001
6219
9509
9349
833
5974
7564
9072
4448
3259
6170
5627
5311
5515
6642
2701
2011
2272
5970
4490
6054
7846
7529
8298
1963
7629
8839
7481
2129
8972
4308
7952
562
2073
2611
1205
4908
8454
3864
4750
2855
6926
3480
6156
9880
3984
5104
7893
261
9786
5673
7954
2330
6043
346
666
2652
7394
95
8830
7340
6202
8888
6520
2431
4282
53
446
1963
3368
4896
6923
3108
3839
235
7407
2344
4113
3629
8405
2199
9614
2327
2742
4087
1572
9211
4141
9063
105
1103
6842
3107
3976
5662
6411
8759
5497
2080
4968
1416
8964
9020
2541
7007
2326
8571
9470
7863
7541
6558
2166
7769
2257
5378
2096
5957
7660
947
3049
9172
8331
5119
4406
8956
5293
8285
6546
8212
8540
1182
1659
8649
673
450
6078
400
3661
5630
5263
1404
1397
5165
9086
962
7325
356
390
9611
3017
1002
936
7771
9280
1480
1704
4224
1410
109
9526
2876
8107
3158
5775
3318
6024
5868
7381
8094
3754
7406
540
5600
3833
4881
7222
3659
7370
8868
6530
9923
5684
7289
5025
5843
2031
65
57
8679
2910
6951
9933
7192
6303
7120
3708
3817
8033
4417
3817
8947
389
434
6652
2892
6792
834
7687
5628
6815
7531
7787
3267
9188
1879
7291
1189
1377
4067
849
9128
5866
482
1569
3488
5408
5493
3611
7273
739
3866
1972
2469
1527
9027
2247
4453
6010
5081
6967
8989
261
1808
7033
3060
850
1004
3392
3961
2909
4452
5529
5581
1837
3142
7448
3676
9573
1244
2002
9549
4742
4446
9341
4989
9768
9112
9877
1894
9944
9373
6304
982
1412
4939
7204
381
3477
8897
3735
503
6236
1038
6679
5084
7248
3228
1500
7556
7591
654
3771
8014
3363
549
8172
9026
2351
8857
1086
9398
842
4086
6153
8431
6915
3477
4068
3352
6438
2876
6872
8439
1765
1417
1413
7886
2939
1499
7939
7279
5661
3313
8332
1540
6482
3496
7161
1150
3924
5278
6858
1580
279
7596
3417
1583
2522
7284
6225
8827
124
8264
1643
1585
81
3723
745
5738
7381
5643
1895
2886
7392
3823
6239
2199
2234
7069
4220
8583
3777
5936
2705
7329
7016
9672
1450
271
9698
6770
643
2400
5952
1770
5032
7804
7480
4942
4685
1898
3463
277
2175
9537
1031
1167
2570
9102
2548
6447
3709
3671
1371
8934
4203
1501
1909
4242
8355
6679
3475
5655
4354
1164
8058
9804
8775
5617
1057
9833
2680
1125
1704
4176
643
9208
9467
3802
9079
4563
4839
6499
9204
1108
2509
2921
8064
456
1301
3232
380
6415
7364
970
7222
8186
2673
8469
1056
1432
852
933
5937
1378
7041
8580
1771
7299
5764
4567
6509
7932
5852
9027
6265
7943
1469
5391
1064
2058
2560
1660
6829
1902
8446
7523
4712
801
1518
2493
2044
1241
7083
5161
6802
2122
9273
6121
319
1561
2089
5774
6740
1762
5051
2758
4132
9111
1635
1619
5580
2906
4079
5309
9614
686
9512
6202
2350
2312
104
4605
49
3387
9067
8909
2146
9861
8153
4664
4727
4868
6322
4120
7252
7341
5691
3348
1262
7438
8264
4650
1282
8338
810
5820
935
8197
5227
1208
1265
4761
6664
6156
3672
6872
3535
186
2745
8762
5528
696
9883
2442
2681
1308
5588
5764
7588
3382
5325
2562
2324
1918
8980
2424
424
63
3904
2220
4895
4516
5418
7226
1525
8195
2426
3046
7389
9239
3903
5571
3199
3170
2659
1860
5555
9586
9359
5793
511
5139
5979
7548
1118
326
9544
741
4386
9072
3617
8427
7995
4182
4367
9219
7736
4232
573
8382
9405
700
2060
4694
9526
5196
3608
4121
3979
50
4538
458
3556
5059
3790
2276
4895
5626
3912
368
7951
8039
7155
4841
5880
8807
506
7294
4905
6405
523
1704
3000
1441
8184
348
6660
2353
800
7043
7159
1573
2702
9832
4074
9279
6848
4514
8542
4114
4154
4355
1864
1851
2508
1840
7309
7534
6290
1202
895
9314
7738
9723
1766
4415
4379
7181
9474
6070
452
9096
3407
6338
9955
8883
3210
5326
1383
9917
8820
8167
9640
4484
6197
7860
9653
454
8451
5587
2542
7734
4594
1717
3060
1505
3934
5885
5582
6881
2167
1317
765
5569
1212
7073
6305
5155
4828
8728
1149
959
2664
2401
2569
6812
3741
2042
7783
1300
113
8735
7384
6883
3147
4840
2080
4000
9608
2659
4023
9872
1660
3381
4689
2406
6470
2587
6289
9391
4887
870
809
3534
1651
5814
3509
6131
3849
2838
2537
114
7744
520
7303
145
258
1298
4070
3745
1838
2090
3071
2545
4200
8318
6090
671
6948
9463
2809
1073
2067
8367
2547
5891
1997
9648
3092
3201
1360
5615
1538
520
1431
6105
1619
3288
7887
3404
5821
5164
5542
7609
3391
29
4292
809
8046
3780
7823
366
1602
9487
8841
9227
6691
3094
7325
3990
4782
3054
4906
7133
8860
5725
6975
2887
2484
5279
6248
3165
5039
569
280
3192
1245
4492
1928
7996
2855
268
1678
5734
1237
8818
5937
3922
1089
9166
5900
6705
411
6689
4145
9384
2254
9594
976
7116
4882
6591
2120
1213
8643
6319
3021
3360
1267
4070
3659
1186
4796
1024
8506
2089
3112
289
3410
7085
7269
6645
6161
1736
9107
6611
2523
5753
6991
8343
8513
2815
9397
9201
7765
8948
2769
7736
8140
5944
9847
98
7061
5840
1829
360
4634
6494
4229
2166
1269
7507
3207
7025
8421
803
8366
4060
1744
2088
2025
540
6539
2857
3909
1051
2007
859
2770
4186
4654
2088
7283
6490
7968
5424
3898
3868
7639
9326
1651
4839
6081
9213
8863
8619
7631
1706
2980
1780
1769
5627
9987
2641
3877
2352
7435
9893
6392
6665
3212
2926
8987
6249
6702
4820
3233
6489
4627
564
5897
1504
810
6814
8207
7618
3413
7627
8920
5558
6109
4019
3582
6076
1029
686
9528
8030
6285
8377
1789
247
5112
6332
9434
7890
5760
3705
6275
6356
2392
7351
3495
7260
4433
4257
727
5066
2481
9833
9287
8478
6514
5456
7494
4530
8983
4138
9899
1627
7908
8957
4561
715
8702
1899
1700
8091
8785
7729
460
8200
9249
5183
9161
1371
3618
4840
8816
3597
908
1676
3141
2666
249
3349
6537
7318
4129
9278
3271
3725
4281
59
4857
271
3431
2244
4432
2940
9097
212
1252
7661
6470
1202
3497
1924
2292
3277
4834
2180
9980
1949
5066
9171
8972
2616
4769
6622
1499
274
8099
2686
5746
1609
3856
6347
2425
2336
2615
4606
6688
1513
9604
75
4543
3833
7276
3087
1679
1943
3239
3942
2971
7332
8749
1280
2705
7986
2803
5396
7038
9182
1944
182
8249
2272
988
8837
6334
2261
1409
8568
6078
5194
7492
2171
5940
459
5917
4036
6907
5789
6740
4475
6831
1321
5287
5593
3234
4618
6746
2448
1440
2106
8078
5659
2260
2215
2245
727
6716
7228
613
5315
155
3549
7915
372
1278
5282
6706
28
401
200
6308
764
498
8068
8719
327
1781
4714
6492
6281
1850
1341
6108
183
2157
7576
6340
8537
7117
332
7435
9718
9103
3147
4898
798
4227
7620
9875
9630
4647
2064
6700
2256
4890
4077
9422
3169
8564
9208
193
631
1861
1536
8587
2594
9611
5993
8545
1873
7527
4255
3724
3353
7010
6523
6256
3730
1068
1914
7529
9187
502
9772
935
9791
9073
6507
7948
6191
4934
2237
9794
5090
4279
4155
7170
9506
1894
6611
2387
5577
4388
9563
1504
4948
9724
7719
8062
6375
1138
492
6412
3889
7190
454
3051
6673
9630
9335
2256
937
5075
7745
8263
4483
1130
6854
9226
3617
9109
4542
7955
1416
1659
1945
9134
8240
4230
9509
4643
5637
1915
2498
3443
3938
2928
2740
3648
3135
6825
1657
4946
3336
3235
108
9591
5025
3652
1337
8459
934
4194
6402
8056
2551
1444
6673
3455
4740
342
6174
6888
2581
2865
3268
183
5614
5370
1231
6047
3569
2906
3225
3259
1556
9262
7974
3259
5396
9535
2732
8748
8010
2916
3078
2059
7373
7831
2443
4875
7576
5174
730
3941
734
5435
2185
63
8507
3934
4799
128
9293
6569
6143
1843
2611
8604
8726
5306
8436
5682
5750
1381
4708
9411
5892
7587
2898
4124
1998
2281
4885
6972
4929
5969
2248
1985
6522
6692
2755
6402
8284
6794
1325
5726
2098
2753
4063
6773
1253
5565
3914
980
224
2287
1436
2343
3202
3289
1375
2843
4275
5361
3650
4050
9259
4164
4508
6858
1439
8317
6270
6160
8030
2438
7608
1969
6203
7150
4015
4881
411
3819
1293
5231
3874
9266
9146
4281
2105
4373
9210
5724
2259
5052
3095
319
8479
743
9057
6384
7216
595
1346
1119
6348
11
3014
4410
386
1905
3883
4104
5328
4717
4198
2986
4004
293
7639
2319
2897
8766
4205
8183
2355
1394
6829
4218
3319
6178
1599
570
949
1054
6985
5862
2591
722
9344
305
4463
2995
8396
3986
1100
91
3180
5245
5805
753
4490
1922
5681
8189
2160
7620
558
3530
699
861
3241
4733
302
1408
5925
165
6570
6735
